{
  "num_grasps": 155,
  "grasps": [
    {
      "grasp_id": 0,
      "segment_id": 1,
      "score": 0.13404244184494019,
      "transform_matrix": [
        [
          0.36417821049690247,
          0.9253867864608765,
          0.1050410121679306,
          -0.0376889631152153
        ],
        [
          -0.3716721534729004,
          0.04099227488040924,
          0.9274585843086243,
          -0.10233759880065918
        ],
        [
          0.8539520502090454,
          -0.3768010437488556,
          0.3588689863681793,
          0.40258896350860596
        ],
        [
          0.0,
          0.0,
          0.0,
          1.0
        ]
      ]
    },
    {
      "grasp_id": 1,
      "segment_id": 1,
      "score": 0.038357481360435486,
      "transform_matrix": [
        [
          -0.8292537331581116,
          0.5477933883666992,
          -0.11072827875614166,
          0.005990547128021717
        ],
        [
          -0.5162814855575562,
          -0.6750088334083557,
          0.5270830988883972,
          -0.03746712580323219
        ],
        [
          0.21399004757404327,
          0.49425259232521057,
          0.84256911277771,
          0.3862534165382385
        ],
        [
          0.0,
          0.0,
          0.0,
          1.0
        ]
      ]
    },
    {
      "grasp_id": 2,
      "segment_id": 1,
      "score": 0.10338836908340454,
      "transform_matrix": [
        [
          -0.7688656449317932,
          0.6356095671653748,
          0.06961378455162048,
          -0.04992147535085678
        ],
        [
          0.13759517669677734,
          0.05814805626869202,
          0.9887802004814148,
          -0.12414924800395966
        ],
        [
          0.6244302988052368,
          0.7698176503181458,
          -0.1321648508310318,
          0.5019060373306274
        ],
        [
          0.0,
          0.0,
          0.0,
          1.0
        ]
      ]
    },
    {
      "grasp_id": 3,
      "segment_id": 1,
      "score": 0.12822836637496948,
      "transform_matrix": [
        [
          -0.8552595973014832,
          0.5129572153091431,
          -0.07352516055107117,
          0.024407871067523956
        ],
        [
          -0.22953207790851593,
          -0.2477893978357315,
          0.9412307739257812,
          -0.10751806199550629
        ],
        [
          0.4645923972129822,
          0.8218730688095093,
          0.3296643793582916,
          0.415835440158844
        ],
        [
          0.0,
          0.0,
          0.0,
          1.0
        ]
      ]
    },
    {
      "grasp_id": 4,
      "segment_id": 1,
      "score": 0.03596782684326172,
      "transform_matrix": [
        [
          0.058502234518527985,
          0.6618663668632507,
          0.7473354935646057,
          -0.10095886141061783
        ],
        [
          -0.6512112617492676,
          -0.5421026349067688,
          0.5310825109481812,
          -0.03742475435137749
        ],
        [
          0.7566381692886353,
          -0.5177428126335144,
          0.3993006646633148,
          0.43925905227661133
        ],
        [
          0.0,
          0.0,
          0.0,
          1.0
        ]
      ]
    },
    {
      "grasp_id": 5,
      "segment_id": 1,
      "score": 0.14110781252384186,
      "transform_matrix": [
        [
          0.9777671694755554,
          0.20022881031036377,
          0.06228768825531006,
          -0.05280723795294762
        ],
        [
          -0.11711551249027252,
          0.2750472128391266,
          0.9542708992958069,
          -0.09487847983837128
        ],
        [
          0.1739404797554016,
          -0.9403495788574219,
          0.29238203167915344,
          0.43411314487457275
        ],
        [
          0.0,
          0.0,
          0.0,
          1.0
        ]
      ]
    },
    {
      "grasp_id": 6,
      "segment_id": 1,
      "score": 0.13442155718803406,
      "transform_matrix": [
        [
          -0.29554349184036255,
          0.9546570181846619,
          -0.0358322374522686,
          -0.007025672122836113
        ],
        [
          -0.43860119581222534,
          -0.10227037966251373,
          0.8928436040878296,
          -0.08805164694786072
        ],
        [
          0.848694920539856,
          0.2795901894569397,
          0.4489390552043915,
          0.4228634536266327
        ],
        [
          0.0,
          0.0,
          0.0,
          1.0
        ]
      ]
    },
    {
      "grasp_id": 7,
      "segment_id": 1,
      "score": 0.09182034432888031,
      "transform_matrix": [
        [
          -0.22610366344451904,
          0.9439294934272766,
          0.24057047069072723,
          -0.04172191396355629
        ],
        [
          0.3225211799144745,
          -0.16049352288246155,
          0.9328568577766418,
          -0.10346917808055878
        ],
        [
          0.9191610813140869,
          0.2885114252567291,
          -0.2681490480899811,
          0.5335521697998047
        ],
        [
          0.0,
          0.0,
          0.0,
          1.0
        ]
      ]
    },
    {
      "grasp_id": 8,
      "segment_id": 1,
      "score": 0.08852946013212204,
      "transform_matrix": [
        [
          0.9243203997612,
          0.3759489357471466,
          -0.06553100049495697,
          0.030247753486037254
        ],
        [
          -0.015740148723125458,
          0.20913106203079224,
          0.977760910987854,
          -0.11349520087242126
        ],
        [
          0.38129276037216187,
          -0.9027329087257385,
          0.19922158122062683,
          0.4551577568054199
        ],
        [
          0.0,
          0.0,
          0.0,
          1.0
        ]
      ]
    },
    {
      "grasp_id": 9,
      "segment_id": 1,
      "score": 0.035751547664403915,
      "transform_matrix": [
        [
          0.749178946018219,
          0.14675967395305634,
          0.6459043622016907,
          -0.11146636307239532
        ],
        [
          -0.5755278468132019,
          -0.33846181631088257,
          0.7444536685943604,
          -0.0493929348886013
        ],
        [
          0.3278697729110718,
          -0.9294649362564087,
          -0.16910420358181,
          0.4911365509033203
        ],
        [
          0.0,
          0.0,
          0.0,
          1.0
        ]
      ]
    },
    {
      "grasp_id": 10,
      "segment_id": 1,
      "score": 0.15107519924640656,
      "transform_matrix": [
        [
          0.34325867891311646,
          0.9190940856933594,
          0.193492591381073,
          -0.03944332152605057
        ],
        [
          -0.5619585514068604,
          0.03590230643749237,
          0.8263858556747437,
          -0.08793951570987701
        ],
        [
          0.7525795698165894,
          -0.3923989236354828,
          0.5288165807723999,
          0.41773006319999695
        ],
        [
          0.0,
          0.0,
          0.0,
          1.0
        ]
      ]
    },
    {
      "grasp_id": 11,
      "segment_id": 1,
      "score": 0.08930929005146027,
      "transform_matrix": [
        [
          -0.0372462123632431,
          0.9675794243812561,
          0.24980515241622925,
          -0.027799559757113457
        ],
        [
          -0.5756123065948486,
          -0.22511593997478485,
          0.7861254215240479,
          -0.08811576664447784
        ],
        [
          0.8168740272521973,
          -0.11451072245836258,
          0.5653353333473206,
          0.3801667094230652
        ],
        [
          0.0,
          0.0,
          0.0,
          1.0
        ]
      ]
    },
    {
      "grasp_id": 12,
      "segment_id": 1,
      "score": 0.09888831526041031,
      "transform_matrix": [
        [
          -0.7839479446411133,
          0.555850625038147,
          -0.276506245136261,
          0.029442278668284416
        ],
        [
          -0.46078720688819885,
          -0.222481831908226,
          0.8591722249984741,
          -0.09348846971988678
        ],
        [
          0.4160538613796234,
          0.8009568452835083,
          0.43054303526878357,
          0.4328766465187073
        ],
        [
          0.0,
          0.0,
          0.0,
          1.0
        ]
      ]
    },
    {
      "grasp_id": 13,
      "segment_id": 1,
      "score": 0.0010936986654996872,
      "transform_matrix": [
        [
          -0.2308773696422577,
          0.5615869760513306,
          0.794553816318512,
          -0.10401114076375961
        ],
        [
          -0.8696364760398865,
          -0.4853545129299164,
          0.09035181254148483,
          0.011846855282783508
        ],
        [
          0.43638065457344055,
          -0.6701127886772156,
          0.600433886051178,
          0.422279417514801
        ],
        [
          0.0,
          0.0,
          0.0,
          1.0
        ]
      ]
    },
    {
      "grasp_id": 14,
      "segment_id": 1,
      "score": 0.07478053122758865,
      "transform_matrix": [
        [
          -0.14411966502666473,
          0.7424167394638062,
          -0.6542529463768005,
          0.10186410695314407
        ],
        [
          -0.5377339124679565,
          0.49626338481903076,
          0.6815899610519409,
          -0.04749852791428566
        ],
        [
          0.8307055830955505,
          0.45004451274871826,
          0.3277013599872589,
          0.44976553320884705
        ],
        [
          0.0,
          0.0,
          0.0,
          1.0
        ]
      ]
    },
    {
      "grasp_id": 15,
      "segment_id": 1,
      "score": 0.02849102020263672,
      "transform_matrix": [
        [
          -0.20712918043136597,
          0.9527677297592163,
          0.2221061736345291,
          -0.0320841409265995
        ],
        [
          -0.7587162852287292,
          -0.2997662425041199,
          0.5783509612083435,
          -0.04506697133183479
        ],
        [
          0.6176140308380127,
          -0.04872220754623413,
          0.784970760345459,
          0.39023357629776
        ],
        [
          0.0,
          0.0,
          0.0,
          1.0
        ]
      ]
    },
    {
      "grasp_id": 16,
      "segment_id": 1,
      "score": 0.0976833701133728,
      "transform_matrix": [
        [
          -0.9487983584403992,
          0.020909233018755913,
          0.3151898682117462,
          -0.08320010453462601
        ],
        [
          0.31585487723350525,
          0.04955974593758583,
          0.9475122690200806,
          -0.11358712613582611
        ],
        [
          0.004191025160253048,
          0.9985523223876953,
          -0.05362647771835327,
          0.47355329990386963
        ],
        [
          0.0,
          0.0,
          0.0,
          1.0
        ]
      ]
    },
    {
      "grasp_id": 17,
      "segment_id": 1,
      "score": 0.07385337352752686,
      "transform_matrix": [
        [
          0.15023262798786163,
          0.9503042697906494,
          -0.272675484418869,
          0.03174656257033348
        ],
        [
          0.33362701535224915,
          0.2108965367078781,
          0.918812096118927,
          -0.10193414986133575
        ],
        [
          0.9306573867797852,
          -0.22900745272636414,
          -0.28536364436149597,
          0.5313549637794495
        ],
        [
          0.0,
          0.0,
          0.0,
          1.0
        ]
      ]
    },
    {
      "grasp_id": 18,
      "segment_id": 1,
      "score": 0.08526037633419037,
      "transform_matrix": [
        [
          0.7714869976043701,
          0.5930103659629822,
          0.23053520917892456,
          -0.06622794270515442
        ],
        [
          -0.3427404761314392,
          0.08208353072404861,
          0.9358371496200562,
          -0.10623084008693695
        ],
        [
          0.5360380411148071,
          -0.8009999394416809,
          0.26657503843307495,
          0.42350074648857117
        ],
        [
          0.0,
          0.0,
          0.0,
          1.0
        ]
      ]
    },
    {
      "grasp_id": 19,
      "segment_id": 1,
      "score": 0.16169489920139313,
      "transform_matrix": [
        [
          -0.6946260333061218,
          0.7084541320800781,
          -0.12484957277774811,
          0.006824038922786713
        ],
        [
          -0.4800173044204712,
          -0.3272065818309784,
          0.8139528632164001,
          -0.08969803154468536
        ],
        [
          0.5357966423034668,
          0.6253228187561035,
          0.5673564672470093,
          0.4062974452972412
        ],
        [
          0.0,
          0.0,
          0.0,
          1.0
        ]
      ]
    },
    {
      "grasp_id": 20,
      "segment_id": 1,
      "score": 0.10792761296033859,
      "transform_matrix": [
        [
          -0.5349984169006348,
          0.7944999933242798,
          0.28730884194374084,
          -0.0662463828921318
        ],
        [
          0.1170429140329361,
          -0.2670910060405731,
          0.956537127494812,
          -0.10681526362895966
        ],
        [
          0.8367063999176025,
          0.5453733205795288,
          0.049902673810720444,
          0.4958253800868988
        ],
        [
          0.0,
          0.0,
          0.0,
          1.0
        ]
      ]
    },
    {
      "grasp_id": 21,
      "segment_id": 1,
      "score": 0.1069166362285614,
      "transform_matrix": [
        [
          -0.7233216762542725,
          0.6905103921890259,
          0.001137010520324111,
          -0.010857993736863136
        ],
        [
          -0.4718918800354004,
          -0.49551576375961304,
          0.7292340397834778,
          -0.0639142394065857
        ],
        [
          0.5041070580482483,
          0.5269342064857483,
          0.6842634677886963,
          0.39726516604423523
        ],
        [
          0.0,
          0.0,
          0.0,
          1.0
        ]
      ]
    },
    {
      "grasp_id": 22,
      "segment_id": 1,
      "score": 0.19279679656028748,
      "transform_matrix": [
        [
          0.07445022463798523,
          0.996479332447052,
          -0.038549985736608505,
          -0.009687699377536774
        ],
        [
          -0.3491038978099823,
          0.062254808843135834,
          0.9350138306617737,
          -0.10084976255893707
        ],
        [
          0.9341217875480652,
          -0.0561540387570858,
          0.3525097072124481,
          0.434089720249176
        ],
        [
          0.0,
          0.0,
          0.0,
          1.0
        ]
      ]
    },
    {
      "grasp_id": 23,
      "segment_id": 1,
      "score": 0.07770147174596786,
      "transform_matrix": [
        [
          0.11356823891401291,
          0.9899665117263794,
          0.08407554030418396,
          -0.020822962746024132
        ],
        [
          -0.6132438778877258,
          0.003267636988312006,
          0.7898868918418884,
          -0.07279607653617859
        ],
        [
          0.7816868424415588,
          -0.141264870762825,
          0.6074619293212891,
          0.40747591853141785
        ],
        [
          0.0,
          0.0,
          0.0,
          1.0
        ]
      ]
    },
    {
      "grasp_id": 24,
      "segment_id": 1,
      "score": 0.06145131587982178,
      "transform_matrix": [
        [
          -0.42170262336730957,
          0.8993314504623413,
          -0.11562800407409668,
          0.046874843537807465
        ],
        [
          -0.32997438311576843,
          -0.033433593809604645,
          0.9433976411819458,
          -0.1022891253232956
        ],
        [
          0.8445612788200378,
          0.43598753213882446,
          0.3108553886413574,
          0.44053491950035095
        ],
        [
          0.0,
          0.0,
          0.0,
          1.0
        ]
      ]
    },
    {
      "grasp_id": 25,
      "segment_id": 1,
      "score": 0.08591938018798828,
      "transform_matrix": [
        [
          0.33745983242988586,
          0.7949297428131104,
          0.5041899681091309,
          -0.09020621329545975
        ],
        [
          -0.5513490438461304,
          -0.26721253991127014,
          0.790323793888092,
          -0.05599229410290718
        ],
        [
          0.7629777789115906,
          -0.5446872115135193,
          0.34811025857925415,
          0.4235207438468933
        ],
        [
          0.0,
          0.0,
          0.0,
          1.0
        ]
      ]
    },
    {
      "grasp_id": 26,
      "segment_id": 1,
      "score": 0.11864349991083145,
      "transform_matrix": [
        [
          -0.28789132833480835,
          0.9446210861206055,
          0.15751081705093384,
          -0.044886596500873566
        ],
        [
          0.23387768864631653,
          -0.09014347940683365,
          0.9680781960487366,
          -0.12442895770072937
        ],
        [
          0.9286656379699707,
          0.31553956866264343,
          -0.19497425854206085,
          0.519004762172699
        ],
        [
          0.0,
          0.0,
          0.0,
          1.0
        ]
      ]
    },
    {
      "grasp_id": 27,
      "segment_id": 1,
      "score": 0.01366729661822319,
      "transform_matrix": [
        [
          -0.8046936392784119,
          0.5933130979537964,
          -0.02116277441382408,
          -0.015962203964591026
        ],
        [
          -0.5911856889724731,
          -0.7975187301635742,
          0.12026436626911163,
          0.011696208268404007
        ],
        [
          0.05447671189904213,
          0.10928709805011749,
          0.9925163388252258,
          0.36121314764022827
        ],
        [
          0.0,
          0.0,
          0.0,
          1.0
        ]
      ]
    },
    {
      "grasp_id": 28,
      "segment_id": 1,
      "score": 0.030145257711410522,
      "transform_matrix": [
        [
          0.14420710504055023,
          0.5562943816184998,
          0.8183769583702087,
          -0.12274294346570969
        ],
        [
          -0.48359957337379456,
          -0.6819136738777161,
          0.5487486720085144,
          -0.017270375043153763
        ],
        [
          0.8633282780647278,
          -0.4749002158641815,
          0.17068694531917572,
          0.45006561279296875
        ],
        [
          0.0,
          0.0,
          0.0,
          1.0
        ]
      ]
    },
    {
      "grasp_id": 29,
      "segment_id": 1,
      "score": 0.11708424985408783,
      "transform_matrix": [
        [
          0.8474013209342957,
          0.517968475818634,
          -0.11670371890068054,
          0.028629720211029053
        ],
        [
          -0.015599344857037067,
          0.2439933568239212,
          0.9696514010429382,
          -0.11092117428779602
        ],
        [
          0.5307238101959229,
          -0.8198633790016174,
          0.21484024822711945,
          0.4688395857810974
        ],
        [
          0.0,
          0.0,
          0.0,
          1.0
        ]
      ]
    },
    {
      "grasp_id": 30,
      "segment_id": 1,
      "score": 0.1934521496295929,
      "transform_matrix": [
        [
          0.7321712970733643,
          0.6366562247276306,
          0.24206194281578064,
          -0.06466079503297806
        ],
        [
          -0.38971155881881714,
          0.10010543465614319,
          0.9154801368713379,
          -0.08956524729728699
        ],
        [
          0.5586143732070923,
          -0.7646226286888123,
          0.32140663266181946,
          0.4188760221004486
        ],
        [
          0.0,
          0.0,
          0.0,
          1.0
        ]
      ]
    },
    {
      "grasp_id": 31,
      "segment_id": 1,
      "score": 0.10182103514671326,
      "transform_matrix": [
        [
          -0.955345094203949,
          0.19325819611549377,
          -0.22353315353393555,
          0.019704634323716164
        ],
        [
          -0.2588043510913849,
          -0.1821630895137787,
          0.9485973715782166,
          -0.11080555617809296
        ],
        [
          0.14260472357273102,
          0.9640892148017883,
          0.22404466569423676,
          0.44308218359947205
        ],
        [
          0.0,
          0.0,
          0.0,
          1.0
        ]
      ]
    },
    {
      "grasp_id": 32,
      "segment_id": 1,
      "score": 0.019665982574224472,
      "transform_matrix": [
        [
          -0.8187947869300842,
          0.35332629084587097,
          -0.45247718691825867,
          0.04529811814427376
        ],
        [
          -0.5562189221382141,
          -0.29314422607421875,
          0.7776161432266235,
          -0.06365971267223358
        ],
        [
          0.1421111822128296,
          0.8883844017982483,
          0.4365517497062683,
          0.439094215631485
        ],
        [
          0.0,
          0.0,
          0.0,
          1.0
        ]
      ]
    },
    {
      "grasp_id": 33,
      "segment_id": 1,
      "score": 0.10845698416233063,
      "transform_matrix": [
        [
          0.8424981236457825,
          0.4675852954387665,
          0.26750868558883667,
          -0.07228288054466248
        ],
        [
          -0.39076459407806396,
          0.18864037096500397,
          0.9009538292884827,
          -0.07682541012763977
        ],
        [
          0.3708098530769348,
          -0.8635848164558411,
          0.34164494276046753,
          0.4294103682041168
        ],
        [
          0.0,
          0.0,
          0.0,
          1.0
        ]
      ]
    },
    {
      "grasp_id": 34,
      "segment_id": 1,
      "score": 0.13937638700008392,
      "transform_matrix": [
        [
          -0.5915870070457458,
          0.8056896924972534,
          0.029814431443810463,
          0.006264206022024155
        ],
        [
          -0.35137903690338135,
          -0.2909340560436249,
          0.8898820877075195,
          -0.0955812931060791
        ],
        [
          0.7256428599357605,
          0.515966534614563,
          0.4552152454853058,
          0.3953719437122345
        ],
        [
          0.0,
          0.0,
          0.0,
          1.0
        ]
      ]
    },
    {
      "grasp_id": 35,
      "segment_id": 1,
      "score": 0.013999695889651775,
      "transform_matrix": [
        [
          -0.5872668027877808,
          0.4852626919746399,
          0.6477945446968079,
          -0.09870508313179016
        ],
        [
          -0.4478152394294739,
          -0.8614895343780518,
          0.23936855792999268,
          0.006718069314956665
        ],
        [
          0.6742249131202698,
          -0.14951907098293304,
          0.7232322692871094,
          0.40498197078704834
        ],
        [
          0.0,
          0.0,
          0.0,
          1.0
        ]
      ]
    },
    {
      "grasp_id": 36,
      "segment_id": 1,
      "score": 0.13562887907028198,
      "transform_matrix": [
        [
          0.32108885049819946,
          0.940605640411377,
          0.11028546094894409,
          -0.025862252339720726
        ],
        [
          -0.4421733021736145,
          0.04591543972492218,
          0.8957536220550537,
          -0.09821675717830658
        ],
        [
          0.8374871015548706,
          -0.3363817632198334,
          0.4306536614894867,
          0.3921337425708771
        ],
        [
          0.0,
          0.0,
          0.0,
          1.0
        ]
      ]
    },
    {
      "grasp_id": 37,
      "segment_id": 1,
      "score": 0.11625529080629349,
      "transform_matrix": [
        [
          0.33897989988327026,
          0.9229018092155457,
          -0.1826057732105255,
          0.019554680213332176
        ],
        [
          0.017718961462378502,
          0.18780021369457245,
          0.9820473194122314,
          -0.12207306921482086
        ],
        [
          0.9406268000602722,
          -0.3361298739910126,
          0.04730762913823128,
          0.4959765672683716
        ],
        [
          0.0,
          0.0,
          0.0,
          1.0
        ]
      ]
    },
    {
      "grasp_id": 38,
      "segment_id": 1,
      "score": 0.18300080299377441,
      "transform_matrix": [
        [
          0.4338287115097046,
          0.8997401595115662,
          0.04754376411437988,
          -0.0357634462416172
        ],
        [
          -0.3662494122982025,
          0.1278914511203766,
          0.921686053276062,
          -0.09122534096240997
        ],
        [
          0.8231974840164185,
          -0.41726675629615784,
          0.3850122392177582,
          0.4048246741294861
        ],
        [
          0.0,
          0.0,
          0.0,
          1.0
        ]
      ]
    },
    {
      "grasp_id": 39,
      "segment_id": 1,
      "score": 0.13889163732528687,
      "transform_matrix": [
        [
          -0.8405663371086121,
          0.533700704574585,
          0.0928000882267952,
          -0.05594046786427498
        ],
        [
          -0.013962541706860065,
          -0.1925984025001526,
          0.981178343296051,
          -0.11394914984703064
        ],
        [
          0.5415287017822266,
          0.8234497308731079,
          0.16934354603290558,
          0.4625653922557831
        ],
        [
          0.0,
          0.0,
          0.0,
          1.0
        ]
      ]
    },
    {
      "grasp_id": 40,
      "segment_id": 1,
      "score": 0.11302141100168228,
      "transform_matrix": [
        [
          0.29686787724494934,
          0.9119731783866882,
          0.2831506133079529,
          -0.04880242794752121
        ],
        [
          -0.630011796951294,
          -0.035776205360889435,
          0.7757610082626343,
          -0.07061383128166199
        ],
        [
          0.717603325843811,
          -0.4086867570877075,
          0.5639330744743347,
          0.41406768560409546
        ],
        [
          0.0,
          0.0,
          0.0,
          1.0
        ]
      ]
    },
    {
      "grasp_id": 41,
      "segment_id": 1,
      "score": 0.006342502310872078,
      "transform_matrix": [
        [
          -0.1313152015209198,
          0.572062611579895,
          0.8096299171447754,
          -0.11048207432031631
        ],
        [
          -0.6856819987297058,
          -0.6422448754310608,
          0.34258097410202026,
          0.014187492430210114
        ],
        [
          0.7159584760665894,
          -0.5101625919342041,
          0.476589560508728,
          0.4221425950527191
        ],
        [
          0.0,
          0.0,
          0.0,
          1.0
        ]
      ]
    },
    {
      "grasp_id": 42,
      "segment_id": 1,
      "score": 0.21089893579483032,
      "transform_matrix": [
        [
          -0.3994983732700348,
          0.9151825904846191,
          -0.05330795794725418,
          -0.0035199106205254793
        ],
        [
          -0.4754209518432617,
          -0.15711146593093872,
          0.8656159043312073,
          -0.09697230160236359
        ],
        [
          0.7838213443756104,
          0.37115585803985596,
          0.4978627860546112,
          0.4128720760345459
        ],
        [
          0.0,
          0.0,
          0.0,
          1.0
        ]
      ]
    },
    {
      "grasp_id": 43,
      "segment_id": 1,
      "score": 0.101932592689991,
      "transform_matrix": [
        [
          -0.814376175403595,
          0.5341522693634033,
          -0.2268764227628708,
          0.018196217715740204
        ],
        [
          -0.48929253220558167,
          -0.4217521548271179,
          0.7633596658706665,
          -0.07150976359844208
        ],
        [
          0.3120647072792053,
          0.7326708436012268,
          0.6048215627670288,
          0.40775826573371887
        ],
        [
          0.0,
          0.0,
          0.0,
          1.0
        ]
      ]
    },
    {
      "grasp_id": 44,
      "segment_id": 1,
      "score": 0.09441632777452469,
      "transform_matrix": [
        [
          -0.3369995057582855,
          0.9389418363571167,
          0.06942297518253326,
          -0.018191887065768242
        ],
        [
          -0.570701003074646,
          -0.26236462593078613,
          0.7781164050102234,
          -0.07019011676311493
        ],
        [
          0.7488201856613159,
          0.22260509431362152,
          0.624271810054779,
          0.4067586362361908
        ],
        [
          0.0,
          0.0,
          0.0,
          1.0
        ]
      ]
    },
    {
      "grasp_id": 45,
      "segment_id": 1,
      "score": 0.15227381885051727,
      "transform_matrix": [
        [
          -0.895693302154541,
          0.408624529838562,
          -0.17538386583328247,
          0.012130342423915863
        ],
        [
          -0.3414054811000824,
          -0.3792271316051483,
          0.8600168824195862,
          -0.09811191260814667
        ],
        [
          0.28491368889808655,
          0.8301883935928345,
          0.479177862405777,
          0.41294094920158386
        ],
        [
          0.0,
          0.0,
          0.0,
          1.0
        ]
      ]
    },
    {
      "grasp_id": 46,
      "segment_id": 1,
      "score": 0.14263392984867096,
      "transform_matrix": [
        [
          0.19064286351203918,
          0.981178879737854,
          0.03071371093392372,
          -0.01671389490365982
        ],
        [
          -0.44927963614463806,
          0.05939109995961189,
          0.8914148807525635,
          -0.08826108276844025
        ],
        [
          0.87281334400177,
          -0.18374092876911163,
          0.45214614272117615,
          0.42225033044815063
        ],
        [
          0.0,
          0.0,
          0.0,
          1.0
        ]
      ]
    },
    {
      "grasp_id": 47,
      "segment_id": 1,
      "score": 0.011025096289813519,
      "transform_matrix": [
        [
          -0.8122499585151672,
          0.5611253976821899,
          -0.15933719277381897,
          0.008588576689362526
        ],
        [
          -0.5792126655578613,
          -0.7435527443885803,
          0.3341287076473236,
          -0.008987773209810257
        ],
        [
          0.06901250034570694,
          0.3636861741542816,
          0.9289615750312805,
          0.37600135803222656
        ],
        [
          0.0,
          0.0,
          0.0,
          1.0
        ]
      ]
    },
    {
      "grasp_id": 48,
      "segment_id": 1,
      "score": 0.13061262667179108,
      "transform_matrix": [
        [
          0.6304855346679688,
          0.727354109287262,
          0.2710057497024536,
          -0.06615936011075974
        ],
        [
          -0.5086087584495544,
          0.12338335812091827,
          0.852111279964447,
          -0.07237787544727325
        ],
        [
          0.5863490700721741,
          -0.6750797629356384,
          0.44773006439208984,
          0.4088692367076874
        ],
        [
          0.0,
          0.0,
          0.0,
          1.0
        ]
      ]
    },
    {
      "grasp_id": 49,
      "segment_id": 1,
      "score": 0.05894426256418228,
      "transform_matrix": [
        [
          -0.6265820860862732,
          0.4399105906486511,
          -0.6433300375938416,
          0.07145049422979355
        ],
        [
          -0.689378023147583,
          0.07219112664461136,
          0.7207956314086914,
          -0.07044492661952972
        ],
        [
          0.36352840065956116,
          0.895135223865509,
          0.2580310106277466,
          0.45714956521987915
        ],
        [
          0.0,
          0.0,
          0.0,
          1.0
        ]
      ]
    },
    {
      "grasp_id": 50,
      "segment_id": 1,
      "score": 0.03169748932123184,
      "transform_matrix": [
        [
          -0.0700584128499031,
          0.880066990852356,
          0.46965304017066956,
          -0.06465315818786621
        ],
        [
          -0.614138662815094,
          -0.4090591073036194,
          0.6749106645584106,
          -0.05326597020030022
        ],
        [
          0.78608238697052,
          -0.2411489188671112,
          0.569141149520874,
          0.41969168186187744
        ],
        [
          0.0,
          0.0,
          0.0,
          1.0
        ]
      ]
    },
    {
      "grasp_id": 51,
      "segment_id": 1,
      "score": 0.048155829310417175,
      "transform_matrix": [
        [
          -0.6642683744430542,
          0.688109278678894,
          0.29198136925697327,
          -0.04206768050789833
        ],
        [
          -0.6195273995399475,
          -0.7253734469413757,
          0.3000319004058838,
          -0.013873044401407242
        ],
        [
          0.41825032234191895,
          0.018411247059702873,
          0.9081451892852783,
          0.3745580017566681
        ],
        [
          0.0,
          0.0,
          0.0,
          1.0
        ]
      ]
    },
    {
      "grasp_id": 52,
      "segment_id": 1,
      "score": 0.1493978649377823,
      "transform_matrix": [
        [
          0.6986313462257385,
          0.7072001099586487,
          0.10854584723711014,
          -0.047310419380664825
        ],
        [
          -0.34200116991996765,
          0.19682522118091583,
          0.9188553094863892,
          -0.10049328207969666
        ],
        [
          0.6284499764442444,
          -0.6790639162063599,
          0.3793715536594391,
          0.40502113103866577
        ],
        [
          0.0,
          0.0,
          0.0,
          1.0
        ]
      ]
    },
    {
      "grasp_id": 53,
      "segment_id": 1,
      "score": 0.0059112063609063625,
      "transform_matrix": [
        [
          -0.46562638878822327,
          0.5338778495788574,
          0.7058091163635254,
          -0.11243995279073715
        ],
        [
          -0.6256892681121826,
          -0.7626209855079651,
          0.16407981514930725,
          0.008567005395889282
        ],
        [
          0.6258633732795715,
          -0.36521729826927185,
          0.6891381144523621,
          0.41321298480033875
        ],
        [
          0.0,
          0.0,
          0.0,
          1.0
        ]
      ]
    },
    {
      "grasp_id": 54,
      "segment_id": 1,
      "score": 0.12240667641162872,
      "transform_matrix": [
        [
          -0.8924795985221863,
          0.43142735958099365,
          0.13172201812267303,
          -0.055615078657865524
        ],
        [
          0.05187538266181946,
          -0.19190995395183563,
          0.9800406098365784,
          -0.11181803047657013
        ],
        [
          0.44809505343437195,
          0.8814994096755981,
          0.1488952487707138,
          0.47349420189857483
        ],
        [
          0.0,
          0.0,
          0.0,
          1.0
        ]
      ]
    },
    {
      "grasp_id": 55,
      "segment_id": 1,
      "score": 0.1351011097431183,
      "transform_matrix": [
        [
          -0.5085746049880981,
          0.856552243232727,
          -0.08757922053337097,
          0.0016610368620604277
        ],
        [
          -0.5345430374145508,
          -0.2343592345714569,
          0.8119972348213196,
          -0.08243323862552643
        ],
        [
          0.6749930381774902,
          0.45977604389190674,
          0.5770531892776489,
          0.4074416160583496
        ],
        [
          0.0,
          0.0,
          0.0,
          1.0
        ]
      ]
    },
    {
      "grasp_id": 56,
      "segment_id": 1,
      "score": 0.0710739716887474,
      "transform_matrix": [
        [
          -0.2708899676799774,
          0.7201058864593506,
          -0.6388004422187805,
          0.10855618119239807
        ],
        [
          -0.4437028169631958,
          0.4955044090747833,
          0.746728241443634,
          -0.06024615839123726
        ],
        [
          0.8542519211769104,
          0.4857187569141388,
          0.18528583645820618,
          0.46653807163238525
        ],
        [
          0.0,
          0.0,
          0.0,
          1.0
        ]
      ]
    },
    {
      "grasp_id": 57,
      "segment_id": 1,
      "score": 0.01472578477114439,
      "transform_matrix": [
        [
          -0.26292771100997925,
          0.8830915093421936,
          0.38861083984375,
          -0.051046546548604965
        ],
        [
          -0.8248103857040405,
          -0.41470256447792053,
          0.38432997465133667,
          -0.02089766040444374
        ],
        [
          0.500556468963623,
          -0.2194792479276657,
          0.8374199271202087,
          0.38831132650375366
        ],
        [
          0.0,
          0.0,
          0.0,
          1.0
        ]
      ]
    },
    {
      "grasp_id": 58,
      "segment_id": 1,
      "score": 0.14423970878124237,
      "transform_matrix": [
        [
          -0.8590450882911682,
          0.4639822244644165,
          -0.21624526381492615,
          0.016592608764767647
        ],
        [
          -0.4235663414001465,
          -0.40704983472824097,
          0.8092601299285889,
          -0.08340989053249359
        ],
        [
          0.28745973110198975,
          0.7867851853370667,
          0.5462014079093933,
          0.40908655524253845
        ],
        [
          0.0,
          0.0,
          0.0,
          1.0
        ]
      ]
    },
    {
      "grasp_id": 59,
      "segment_id": 1,
      "score": 0.17465656995773315,
      "transform_matrix": [
        [
          -0.021188413724303246,
          0.9995316863059998,
          -0.022079667076468468,
          -0.004998437128961086
        ],
        [
          -0.33250921964645386,
          0.01378222368657589,
          0.9429993033409119,
          -0.10456191003322601
        ],
        [
          0.9428619742393494,
          0.027322351932525635,
          0.33206143975257874,
          0.431753933429718
        ],
        [
          0.0,
          0.0,
          0.0,
          1.0
        ]
      ]
    },
    {
      "grasp_id": 60,
      "segment_id": 1,
      "score": 0.07802075892686844,
      "transform_matrix": [
        [
          0.9764167070388794,
          0.20859025418758392,
          0.055681243538856506,
          -0.05160624533891678
        ],
        [
          -0.029227105900645256,
          -0.12782306969165802,
          0.9913662075996399,
          -0.11550791561603546
        ],
        [
          0.2139066904783249,
          -0.9696139097213745,
          -0.11871209740638733,
          0.47169965505599976
        ],
        [
          0.0,
          0.0,
          0.0,
          1.0
        ]
      ]
    },
    {
      "grasp_id": 61,
      "segment_id": 1,
      "score": 0.07817540317773819,
      "transform_matrix": [
        [
          -0.28057554364204407,
          0.9273392558097839,
          -0.2476273626089096,
          0.06675568968057632
        ],
        [
          -0.2988368272781372,
          0.16076962649822235,
          0.940664529800415,
          -0.09480640292167664
        ],
        [
          0.9121260643005371,
          0.3379276394844055,
          0.23201507329940796,
          0.4468212127685547
        ],
        [
          0.0,
          0.0,
          0.0,
          1.0
        ]
      ]
    },
    {
      "grasp_id": 62,
      "segment_id": 1,
      "score": 0.046069711446762085,
      "transform_matrix": [
        [
          0.1612672507762909,
          0.6296262145042419,
          0.7599761486053467,
          -0.10691270977258682
        ],
        [
          -0.5751581788063049,
          -0.5658069252967834,
          0.5908093452453613,
