[
  {
    "step": 0,
    "tcp_matrix": [
      [
        -0.8966537117958069,
        -0.4195503890514374,
        0.1413843035697937,
        0.2526954412460327
      ],
      [
        -0.062095291912555695,
        0.4353630542755127,
        0.8981109261512756,
        -0.013514787890017033
      ],
      [
        -0.43835628032684326,
        0.7965152263641357,
        -0.416422039270401,
        0.45966994762420654
      ],
      [
        0.0,
        0.0,
        0.0,
        1.0
      ]
    ]
  },
  {
    "step": 1,
    "tcp_matrix": [
      [
        -0.9230556488037109,
        -0.35884562134742737,
        0.13855735957622528,
        0.21235759556293488
      ],
      [
        -0.034697581082582474,
        0.436405211687088,
        0.8990809917449951,
        -0.012411018833518028
      ],
      [
        -0.38309839367866516,
        0.8250942230224609,
        -0.415277361869812,
        0.44664496183395386
      ],
      [
        0.0,
        0.0,
        0.0,
        1.0
      ]
    ]
  },
  {
    "step": 2,
    "tcp_matrix": [
      [
        -0.9465805292129517,
        -0.3002960979938507,
        0.1175054982304573,
        0.1879996508359909
      ],
      [
        -0.03717290982604027,
        0.46358156204223633,
        0.8852741718292236,
        -0.01246829517185688
      ],
      [
        -0.32031774520874023,
        0.8336153030395508,
        -0.4499801993370056,
        0.4621107578277588
      ],
      [
        0.0,
        0.0,
        0.0,
        1.0
      ]
    ]
  },
  {
    "step": 3,
    "tcp_matrix": [
      [
        -0.9604312777519226,
        -0.25959742069244385,
        0.10090111196041107,
        0.16417282819747925
      ],
      [
        -0.03597969189286232,
        0.4748871922492981,
        0.8793109059333801,
        -0.011958694085478783
      ],
      [
        -0.27618348598480225,
        0.8408873081207275,
        -0.4654366970062256,
        0.47341686487197876
      ],
      [
        0.0,
        0.0,
        0.0,
        1.0
      ]
    ]
  },
  {
    "step": 4,
    "tcp_matrix": [
      [
        -0.969813883304596,
        -0.2204238921403885,
        0.10428034514188766,
        0.13950151205062866
      ],
      [
        -0.020744794979691505,
        0.5006774663925171,
        0.8653852939605713,
        -0.010620024055242538
      ],
      [
        -0.24296243488788605,
        0.8370993733406067,
        -0.4901365637779236,
        0.4742177128791809
      ],
      [
        0.0,
        0.0,
        0.0,
        1.0
      ]
    ]
  },
  {
    "step": 5,
    "tcp_matrix": [
      [
        -0.9769230484962463,
        -0.18660691380500793,
        0.10391895473003387,
        0.11734355986118317
      ],
      [
        -0.009242785163223743,
        0.5230096578598022,
        0.8522766828536987,
        -0.009331788867712021
      ],
      [
        -0.21339131891727448,
        0.8316482901573181,
        -0.5126649141311646,
        0.47390085458755493
      ],
      [
        0.0,
        0.0,
        0.0,
        1.0
      ]
    ]
  },
  {
    "step": 6,
    "tcp_matrix": [
      [
        -0.9824225902557373,
        -0.16100503504276276,
        0.09446293860673904,
        0.10294021666049957
      ],
      [
        -0.008431785739958286,
        0.5437988638877869,
        0.8391732573509216,
        -0.008646384812891483
      ],
      [
        -0.18647994101047516,
        0.8236262798309326,
        -0.5355978608131409,
        0.4879780411720276
      ],
      [
        0.0,
        0.0,
        0.0,
        1.0
      ]
    ]
  },
  {
    "step": 7,
    "tcp_matrix": [
      [
        -0.986591637134552,
        -0.1312520056962967,
        0.09700416773557663,
        0.08816966414451599
      ],
      [
        -0.0011364852543920279,
        0.5998691916465759,
        0.8000973463058472,
        -0.007319124415516853
      ],
      [
        -0.163204163312912,
        0.789259135723114,
        -0.5919750928878784,
        0.4920867681503296
      ],
      [
        0.0,
        0.0,
        0.0,
        1.0
      ]
    ]
  },
  {
    "step": 8,
    "tcp_matrix": [
      [
        -0.98847496509552,
        -0.10436905175447464,
        0.10965517908334732,
        0.07738350331783295
      ],
      [
        0.014838441275060177,
        0.6540642976760864,
        0.7562934160232544,
        -0.00530869048088789
      ],
      [
        -0.15065515041351318,
        0.7492042779922485,
        -0.6449775099754333,
        0.48535364866256714
      ],
      [
        0.0,
        0.0,
        0.0,
        1.0
      ]
    ]
  },
  {
    "step": 9,
    "tcp_matrix": [
      [
        -0.9892023205757141,
        -0.08918999880552292,
        0.11629213392734528,
        0.07061585783958435
      ],
      [
        0.030451949685811996,
        0.6510945558547974,
        0.7583854794502258,
        -0.003486253321170807
      ],
      [
        -0.14335757493972778,
        0.7537380456924438,
        -0.6413482427597046,
        0.4863181710243225
      ],
      [
        0.0,
        0.0,
        0.0,
        1.0
      ]
    ]
  },
  {
    "step": 10,
    "tcp_matrix": [
      [
        -0.9884433150291443,
        -0.055776044726371765,
        0.1409572809934616,
        0.06380130350589752
      ],
      [
        0.05232638120651245,
        0.7471617460250854,
        0.6625792980194092,
        -0.0013259965926408768
      ],
      [
        -0.14227394759655,
        0.6622978448867798,
        -0.7356083989143372,
        0.4806133508682251
      ],
      [
        0.0,
        0.0,
        0.0,
        1.0
      ]
    ]
  },
  {
    "step": 11,
    "tcp_matrix": [
      [
        -0.983401894569397,
        -0.029159530997276327,
        0.17908234894275665,
        0.06097567081451416
      ],
      [
        0.08272291719913483,
        0.8063951730728148,
        0.5855628848075868,
        0.0016256831586360931
      ],
      [
        -0.16148586571216583,
        0.5906578302383424,
        -0.7905983328819274,
        0.4897434413433075
      ],
      [
        0.0,
        0.0,
        0.0,
        1.0
      ]
    ]
  },
  {
    "step": 12,
    "tcp_matrix": [
      [
        -0.9772164225578308,
        0.01965587586164472,
        0.21133320033550262,
        0.05638483911752701
      ],
      [
        0.11796779185533524,
        0.8780380487442015,
        0.46382427215576183,
        0.005055762827396393
      ],
      [
        -0.17644168436527252,
        0.4781872034072877,
        -0.8603519201278685,
        0.4787740111351013
      ],
      [
        0.0,
        0.0,
        0.0,
        1.0
      ]
    ]
  },
  {
    "step": 13,
    "tcp_matrix": [
      [
        -0.9730833172798157,
        0.010795414447784396,
        0.23020078241825104,
        0.05535988509654999
      ],
      [
        0.09889054298400879,
        0.9218199849128723,
        0.37479159235954296,
        0.006456207484006882
      ],
      [
        -0.20815762877464294,
        0.3874681293964387,
        -0.8980751633644104,
        0.48509925603866577
      ],
      [
        0.0,
        0.0,
        0.0,
        1.0
      ]
    ]
  },
  {
    "step": 14,
    "tcp_matrix": [
      [
        -0.976867139339447,
        0.04075855761766431,
        0.20992685854434967,
        0.05428285896778107
      ],
      [
        0.08338232338428497,
        0.9765674471855164,
        0.1984023302793504,
        0.006764448247849941
      ],
      [
        -0.19692112505435944,
        0.21131691336631786,
        -0.957375168800354,
        0.4858034551143646
      ],
      [
        0.0,
        0.0,
        0.0,
        1.0
      ]
    ]
  }
]